>M-M_MBIP PHD_FILE: M-M_MBIP.phd.1
12 12 14 15 15 10 10 12 9 11 8 8 8 8 8 8 8 8 10 10
11 11 11 11 11 22 25 37 20 25 28 28 28 28 28 24 23
17 17 24 37 57 57 57 59 57 57 57 57 57 48 48 48 57
48 57 57 57 59 59 59 68 57 54 47 47 47 47 48 54 57
57 57 57 57 48 44 37 28 28 31 23 28 30 44 44 59 57
57 57 57 57 57 57 59 59 59 57 57 48 48 48 57 57 59
59 59 57 57 48 50 50 57 48 57 57 57 57 57 57 44 52
43 52 52 43 43 43 28 20 24 15 13 13 13 24 28 42 43
57 57 57 42 42 29 21 21 14 14 14 18 28 43 42 52 52
57 43 44 33 33 29 29 29 33 35 42 42 45 52 52 52 52
57 57 52 57 43 52 52 50 43 43 52 52 57 57 57 44 32
27 20 20 38 38 43 43 38 41 33 43 38 43 38 38 23 23
27 43 43 43 42 42 43 43 43 44 50 50 37 42 41 41 33
33 29 41 33 35 42 36 36 26 26 26 28 28 28 40 42 43
44 43 47 47 48 48 48 43 37 32 30 30 30 37 39 39 42
39 32 32 32 37 39 47 35 35 35 35 39 43 39 39 35 35
32 32 30 22 22 17 17 17 26 24 27 19 21 15 24 22 28
13 12 12 9 12 11 12 8 8 7 6 8 8 8 8 9 11 12 15 17 6
6 6 6 6 10 8 9 6 6 6 6 6 6 12 12 8 8 8 8 8 19 16 9
9 9 7 8 8 8 8 8 9 11 23 23 22 10 10 11 11 10 17 18
11 11 11 15 15 20 22 20 9 8 7 8 8 8 10 22 21 30 34
16 10 10 8 8 8 14 18 14 14 14 14 18 25 25 12 12 12
19 21 23 23 14 14 18 23 15 20 28 28 28 15 15 12 19
13 21 21 28 21 23 14 13 19 12 12 12 16 22 9 9 9 9 12
12 34 32 42 32 21 14 12 12 11 11 11 19 16 18 11 17
18 9 9 9 11 11 11 11 11 10 10 10 11 11 19 24 28 24
24 10 13 10 10 12 18 16 18 9 9 9 9 9 11 17 13 9 9 9
19 23 16 15 13 16 16 20 19 24 12 12 12 11 11 12 15
15 12 20 11 11 11 11 9 9 9 9 9 9 11 9 9 9 11 15 10
10 10 15 9 9 9 10 12 12 12 15 15 18 12 9 16 13 12 8
8 10 8 11 8 10 7 7 11 11 12 12 10 10 12 19 24 20 15
15 12 11 11 12 18 28 34 34 33 24 16 12 10 10 10 8 8
9 9 8 8 6 6 8 10 10 8 8 10 10 10 15 26 33 39 22 21
16 16 15 15 14 19 9 9 9 13 16 18 23 14 14 21 21 14
12 16 9 9 9 9 16 16 15 13 11 11 11 11 10 9 9 9 9 9
9 19 22 11 9 9 9 11 13 17 10 10 10 15 11 8 8 8 8 11
19 21 12 12 14 15 15 20 20 20 20 13 10 9 9 9 9 12 8
11 8 8 8 8 10 19 12 13 12 20 10 8 8 8 8 8 11 11 13
10 10 11 11 12 12 11 11 11 12 14 10 10 9 8 13 6 6 6
8 8 8 8 8 8 6 9 9 7 7 7 8 8 8 10 12 26 12 12 11 9 8
8 8 8 8 9 10 12 11 8 6 6 6 8 6 8 8 8 11 11 11 15 12
12 9 7 10 8 19 8 8 8 8 8 6 8 3 0 3 9 3 0 3 7 8 8 10
10 10 16 9 11 9 8 8 8 8 8 10 8 7 6 6 6 6 6 6 6 6 9
10 11 11 12 18 8 6 6 6 6 8 8 8 6 6 6 8 8 8 6 6 8 8
11 11 9 9 8 8 8 8 8 8 8 8 8 6 16 6 6 8 10 10 9 10 9
3 0 3 17 8 8 10 10 8 8 8 8 8 11 11 10 14 9 9 11 10
7 6 6 6 6 8 8 8 8 8 8 8 8 8 8 6 8 6 6 6 6 8 8 8 8 8
8 8 19 9 10 8 8 6 6 6 7 15 6 10 10 7 7 6 3 0 3 10 8
11 11 11 9 9 9 9 9 7 8 8 8 8 3 0 3 0 3 8 6 10 6 6 6
6 9 9 3 0 3 13 13 10 6 6 6 6 6 8 8 8 8 8 8 8 8 8 8
10 11 8 6 7 6 6 9 6 6 6 8 14 3 0 3 7 8 3 0 3 11 10
8 8 7 7 8 10 6 6 6 9 15 15 8 8 8 10 3 0 3 9 9 3 0 0
3 6 6 6 10 10 3 0 3 10 8 8 17 8 6 3 0 3 8 8 8 8 8 8
8 8 15 8 9 3 0 3 6 8 3 0 0 3 6 6 6 8 12 9 12 10 13
27 22 22 9 9 12 12 11 11 23 23 3 0 0 3 6 8 6 8 11 8
8 6 6 8 6 6 7 9 9 9 7 7 3 0 3 8 3 0 3 8 8 8 10 10 21
25 11 11 8 8 8 8 8 8 21 21 8 8 8 3 0 3 8 8 12 8 8 9
10 10 12 10 10 3 0 0 3 9 8 3 0 3 8 8 8 8 8 8 8 8 8
8 3 0 3 7 9 9 9 8 8 8 8 8 8 3 0 3 9 8 8 6 9 15 8 8
8 8 8 8 8 9 18 3 0 3 13 10 10 15 3 0 3 0 3 10 8 8 8
10 3 0 3 3 0 3 6 8 8 3 0 0 3 8 8 8 8 8 8 8 6 6 8 8
8 3 0 3 10 10 22 19 17 3 0 3 0 3 17 8 10 10 8 8 8 10
10 24 10 10 8 8 7 7 10 10 10 10 3 0 3 17 11 9 8 8 8
6 6 8 8 8 6 6 8 8 7 7 8 8 7 7 6 6 8 8 8 10 10 8 7 7
6 6 3 0 0 3 0 0 3 8 8 14 14 3 0 3 14 7 6 6 6 6 6 6
6 8 6 6 7 7 7 8 8 3 0 0 3 9 9 9 3 0 0 3 6 6 6 8 3 0
0 0 3 8 8 8 8 8 6 6 8 8 8 8 8 8 3 0 3 21 21 37 41 39
27 19 8 8 8 3 0 3 10 8 8 8 6 8 8 6 
>M-M_MFIP PHD_FILE: M-M_MFIP.phd.1
9 9 9 9 9 9 9 9 9 9 9 9 9 10 12 7 6 7 6 9 9 8 8 11
11 11 9 6 8 6 6 8 6 6 6 8 10 10 10 8 8 8 8 8 10 8 8
8 11 9 10 12 12 16 19 22 20 20 11 11 11 11 29 34 57
50 57 57 57 57 53 68 68 68 68 68 68 68 68 68 68 54
54 57 57 57 57 57 68 68 68 68 68 68 68 68 68 68 68
68 68 68 57 57 57 57 57 59 59 57 57 57 48 44 28 18
10 8 8 8 12 25 24 18 15 15 15 15 13 13 13 13 13 14
14 15 9 10 9 9 11 10 17 11 12 28 28 28 16 15 12 13
15 13 14 17 36 27 27 23 11 10 9 14 12 12 10 23 10 10
10 27 38 57 57 59 59 59 59 59 57 57 57 59 59 59 57
57 57 57 57 57 57 57 57 57 57 57 57 59 59 59 59 59
59 59 59 59 57 59 59 59 59 59 59 59 59 59 57 57 59
59 59 59 59 59 59 68 68 68 68 68 68 68 57 57 57 57
59 59 59 59 59 59 68 68 68 68 68 68 68 68 68 68 68
68 68 68 68 68 68 59 59 59 59 59 59 59 59 68 68 68
68 57 57 57 57 59 59 59 57 57 57 57 57 57 57 57 50
50 57 36 41 23 17 15 23 23 39 43 39 41 46 47 39 39
21 16 8 8 7 3 0 0 0 0 0 0 0 0 3 3 0 3 0 3 3 0 0 0 0
0 0 3 0 0 0 0 3 3 0 0 3 0 0 3 8 3 0 0 3 9 3 0 3 0 0
0 0 3 0 0 0 0 0 0 0 3 0 0 3 8 8 8 6 8 8 8 8 12 14 7
7 3 0 3 9 3 0 0 0 3 11 3 0 3 0 0 0 0 0 0 3 8 3 0 3
6 8 6 7 3 0 0 3 6 3 0 0 3 9 8 3 0 3 7 3 0 3 21 11 14
8 8 14 3 0 3 3 0 0 0 0 0 3 0 0 3 0 0 0 0 0 0 0 0 0
0 0 0 0 0 0 0 3 0 3 6 6 6 6 6 8 8 8 7 7 7 7 6 8 3 0
3 3 0 0 0 0 0 3 3 0 0 3 3 0 3 3 0 0 0 3 0 3 3 0 0 3
9 8 6 6 6 6 3 0 3 3 0 3 7 8 8 7 6 8 3 0 3 3 0 3 6 6
3 0 3 0 3 6 6 6 3 0 3 6 8 8 8 8 8 8 7 7 3 0 0 3 0 0
0 0 0 0 0 0 0 0 0 0 0 0 3 0 0 0 3 0 0 0 0 0 0 0 0 3
0 3 3 0 0 0 0 0 0 0 3 0 0 0 3 0 3 0 0 0 3 0 0 0 0 3
0 0 0 3 0 0 0 0 0 0 0 0 0 0 0 0 0 0 0 0 0 0 3 3 0 0
0 3 0 0 0 0 0 0 3 0 3 7 7 3 0 3 0 0 0 0 0 0 0 0 0 0
0 0 0 0 0 0 0 0 0 0 0 0 0 0 0 3 3 0 0 0 3 0 0 0 0 0
3 0 0 0 0 0 0 0 0 3 0 0 0 0 0 3 17 3 0 3 0 3 0 0 0
0 3 0 0 3 3 0 3 3 0 0 0 0 0 0 3 0 0 0 0 0 0 0 3 0 0
0 0 0 0 0 0 0 0 0 0 0 3 0 0 0 3 11 11 9 9 7 7 3 0 0
3 0 3 0 0 3 0 0 0 0 0 0 0 0 0 0 3 0 0 0 3 0 0 3 0 3
0 0 0 3 0 0 3 3 0 3 8 8 3 0 0 0 0 0 0 0 0 0 3 6 3 0
0 0 0 0 3 8 3 0 0 3 8 3 0 0 3 3 0 0 0 3 3 0 0 0 0 0
0 0 0 0 0 0 0 0 0 3 3 0 0 0 0 0 0 0 0 0 0 0 0 3 18
3 0 0 0 3 0 0 0 0 0 0 0 0 0 0 0 0 3 0 0 0 0 0 3 3 0
0 0 0 0 0 0 0 0 0 0 0 0 0 0 0 3 0 0 0 0 0 0 0 0 0 0
0 0 0 0 0 0 3 3 0 0 0 0 0 0 0 0 0 0 0 0 0 0 0 0 0 0
0 0 0 0 0 0 3 3 0 0 0 0 0 0 0 0 0 3 0 0 0 0 0 0 0 0
3 0 0 0 0 0 0 0 0 0 0 3 8 8 3 0 0 0 0 0 0 0 3 3 0 0
0 0 0 0 0 0 0 0 0 0 0 0 0 0 0 0 0 0 0 0 0 0 0 0 0 0
0 0 0 0 0 0 0 0 0 0 0 0 0 0 0 0 0 0 0 0 0 0 0 3 9 3
0 0 0 0 0 0 0 0 0 0 0 0 0 0 0 0 0 0 0 0 3 3 0 0 0 0
0 0 0 0 0 0 0 0 0 0 0 0 0 0 0 0 0 0 0 0 0 0 0 0 0 0
0 3 0 0 3 0 0 3 0 0 0 0 0 0 0 0 0 0 0 0 0 0 0 0 0 3
0 0 0 0 0 0 0 0 0 0 0 0 0 0 0 0 0 0 0 0 0 0 0 0 0 0
0 0 0 0 0 0 0 0 0 0 0 0 0 0 0 0 0 0 0 0 0 0 3 3 0 0
0 0 0 0 0 0 0 0 0 0 0 0 0 0 0 0 0 0 0 0 0 0 0 0 0 0
0 0 0 0 0 0 0 0 0 0 0 0 0 0 0 0 0 0 0 0 0 3 0 0 0 0
0 0 0 0 0 0 0 0 0 0 0 0 0 0 0 0 0 0 0 0 0 0 0 3 0 3
3 0 0 0 0 0 0 0 0 0 0 0 0 0 0 0 0 0 0 3 7 3 0 0 0 0
0 0 0 0 0 0 0 0 0 0 0 0 0 0 0 0 0 3 0 0 3 3 0 3 18
3 0 0 0 0 0 0 0 0 0 0 0 0 0 0 0 0 0 0 0 0 0 0 0 0 0
0 0 0 0 0 0 0 0 0 0 3 3 0 0 0 0 0 0 0 0 0 0 0 0 0 
>M-S_MBIP PHD_FILE: M-S_MBIP.phd.1
10 10 10 11 8 8 8 8 8 7 8 8 6 6 6 6 10 11 11 11 11
11 9 9 6 6 6 6 14 14 15 18 19 32 23 25 28 28 28 30
28 28 23 17 17 28 37 47 47 57 57 47 47 47 47 48 47
48 48 57 43 57 57 54 54 59 59 59 57 54 48 48 48 48
48 47 57 48 57 57 44 44 44 28 28 28 37 32 39 43 59
44 59 57 59 59 59 48 48 48 48 48 57 42 39 35 35 39
44 44 47 35 35 35 43 43 50 50 50 50 36 36 36 43 43
43 23 23 23 43 43 43 38 20 20 20 28 24 17 17 17 24
19 36 36 43 44 43 35 35 29 21 21 14 14 16 30 38 43
37 43 38 32 20 20 20 32 32 25 32 23 28 32 35 35 35
43 43 43 35 35 33 27 24 28 32 32 32 42 42 28 32 23
28 27 32 23 20 18 26 14 14 12 18 18 18 23 28 25 21
18 13 13 18 22 22 20 20 11 11 11 11 11 12 18 18 18
24 12 11 11 12 12 11 12 12 13 15 11 21 16 16 16 11
10 9 12 10 12 12 17 11 11 12 20 18 10 9 9 9 9 9 9 9
10 13 16 24 24 16 14 13 12 10 10 10 13 13 16 21 12
16 10 10 8 8 10 13 18 17 18 15 13 12 12 11 12 12 15
15 14 8 8 8 8 8 8 11 16 10 10 10 10 11 16 13 13 11
11 16 16 19 12 12 10 10 10 13 15 11 12 11 10 10 10
10 10 11 11 11 10 10 10 10 9 9 11 12 12 13 12 21 11
11 10 10 10 10 16 18 13 11 11 11 13 10 8 8 10 8 10
10 11 11 18 16 11 11 11 13 15 14 13 19 12 12 11 11
11 9 9 10 9 10 13 10 10 11 11 11 11 11 23 11 10 10
10 10 13 12 13 9 10 10 10 11 10 10 9 13 13 13 15 15
19 15 15 18 12 11 11 11 18 20 26 15 15 8 13 6 6 8 8
9 10 10 12 19 9 9 9 9 14 15 15 18 13 14 8 8 6 6 8 8
11 11 11 10 11 11 11 18 11 11 11 10 11 11 12 12 11
12 10 10 10 10 17 13 10 10 10 10 10 9 10 11 12 12 12
11 11 10 12 12 12 19 21 19 14 12 15 11 11 11 12 11
10 10 10 13 19 23 37 21 16 10 8 8 8 8 8 8 10 10 13
14 15 15 14 10 10 10 18 17 19 10 10 10 10 10 8 8 8
8 8 10 12 15 11 11 15 12 9 9 9 9 9 11 11 12 12 12 12
19 19 20 20 23 14 12 8 8 8 10 10 12 15 18 19 19 13
11 10 10 8 9 8 8 8 8 8 8 8 12 9 14 21 10 10 10 9 9
9 9 9 10 11 9 9 11 12 12 12 13 13 19 24 18 10 10 8
8 8 8 10 10 10 8 8 8 9 8 8 6 6 8 8 8 8 8 8 8 6 9 9
14 14 11 10 10 8 8 6 6 8 8 9 9 9 9 11 11 12 8 8 8 8
8 8 8 8 8 8 15 15 12 14 19 15 14 10 10 10 15 11 12
11 11 11 16 11 8 8 8 8 8 8 10 10 9 11 13 12 8 8 8 8
10 13 11 10 9 9 9 10 10 9 9 9 10 10 10 13 15 9 9 9
9 12 11 12 11 11 11 10 10 8 8 8 11 8 8 8 13 10 10 10
10 10 10 9 9 9 10 11 9 8 8 10 11 12 10 10 6 6 10 8
8 8 8 10 10 10 8 10 10 8 8 8 8 8 8 6 7 10 8 10 10 8
8 8 8 8 10 10 11 9 9 9 9 9 9 10 9 7 6 6 6 6 6 8 9 15
11 9 9 9 10 10 10 15 12 8 8 8 8 8 10 12 11 10 10 8
8 8 8 10 10 11 10 8 8 8 10 10 9 9 9 9 9 12 16 16 12
10 11 9 13 13 8 8 8 8 8 8 8 9 12 16 22 12 11 7 6 8
6 6 8 8 8 6 6 8 10 13 10 10 8 8 8 8 9 9 9 9 13 9 9
9 8 8 8 8 8 8 10 13 15 18 10 11 8 8 8 8 12 9 10 12
12 12 8 8 8 8 6 6 8 8 8 8 8 9 8 12 10 8 8 8 11 10 10
11 11 11 9 9 8 8 6 6 8 8 8 9 9 15 10 8 6 6 8 8 10 10
8 8 8 8 10 10 15 9 8 8 8 8 6 6 6 6 8 9 10 8 8 8 12
8 12 12 16 10 11 12 12 11 10 10 10 10 9 8 8 6 6 8 8
8 6 6 8 8 8 8 8 8 8 8 8 8 9 9 9 9 10 10 11 11 11 11
11 12 18 16 14 12 12 8 8 8 8 9 7 9 9 10 10 10 10 12
17 11 11 11 13 13 14 12 11 9 8 8 6 6 8 8 11 10 9 9
9 9 10 13 15 15 12 11 11 8 10 8 8 8 8 8 8 8 10 11 11
11 11 12 18 11 11 18 15 18 18 11 8 8 8 8 8 6 8 7 7
8 8 15 15 10 11 8 8 8 7 7 7 7 8 9 11 15 15 21 16 20
16 15 10 10 10 10 6 6 6 6 8 8 8 8 10 10 11 12 10 10
10 10 10 8 8 8 12 8 10 12 13 15 9 8 8 6 6 8 8 10 10
10 10 10 8 8 6 6 8 8 11 9 9 9 9 9 9 9 10 10 10 10 9
8 8 8 10 10 10 8 8 8 8 8 6 6 10 8 6 6 8 8 13 15 10
10 8 8 8 8 8 8 8 13 13 8 8 8 6 6 8 6 6 6 6 6 6 8 8
8 8 8 8 8 10 9 9 9 8 8 6 6 8 10 13 18 11 11 10 10 10
10 12 10 13 11 9 9 12 12 10 10 10 15 15 10 10 10 10
10 6 6 8 8 11 12 11 19 21 13 10 9 9 9 9 9 10 15 14
15 13 9 9 9 10 10 12 11 11 11 11 12 12 15 18 15 8 8
6 6 13 8 11 12 12 11 10 10 9 10 10 15 12 12 12 12 16
8 8 6 6 8 8 9 9 9 9 8 9 9 9 10 8 9 9 9 9 12 11 12 11
12 17 22 15 14 14 13 13 18 15 19 10 10 8 6 8 6 7 8
8 8 8 8 10 8 8 8 8 10 8 8 8 9 10 9 9 12 9 8 8 8 8 10
8 8 8 11 8 9 10 8 12 8 8 8 15 9 9 9 8 7 7 8 8 8 10
10 10 8 8 8 8 8 8 8 8 3 0 3 8 10 8 
>M-S_MFIP PHD_FILE: M-S_MFIP.phd.1
12 12 14 11 11 11 11 11 7 7 6 6 6 6 8 8 10 12 9 9 9
13 10 6 8 6 6 8 6 6 6 6 8 6 6 8 6 8 8 8 8 12 12 12
8 10 10 11 9 11 11 17 17 19 21 22 12 12 12 12 28 28
57 50 57 57 57 68 68 68 68 68 68 68 68 68 68 68 68
57 57 59 59 59 59 59 68 68 68 68 68 68 68 68 68 68
68 68 68 68 57 57 57 57 57 59 59 57 57 57 44 44 28
20 19 10 10 9 8 8 8 10 10 12 15 15 13 13 13 13 12 15
14 11 8 10 10 10 23 10 13 12 12 28 28 43 16 12 11 10
10 10 13 17 12 24 24 13 10 10 12 12 10 9 10 23 10 8
8 25 28 57 57 57 57 59 59 59 57 57 57 57 57 57 57 57
59 57 57 57 59 52 57 54 57 57 57 57 57 57 59 59 59
59 59 59 59 59 59 59 59 59 59 59 59 59 59 59 59 59
59 59 59 59 59 68 68 68 68 68 68 57 57 57 57 57 57
57 68 68 68 68 68 68 68 68 68 68 68 68 68 68 68 68
68 68 68 68 68 59 59 59 59 59 59 59 59 59 59 59 59
59 59 59 59 57 59 57 59 48 48 48 59 59 59 59 59 48
48 37 41 20 17 15 24 23 48 43 43 41 46 47 36 34 18
10 8 6 6 3 0 0 0 0 0 0 0 0 0 0 0 0 0 0 0 0 0 0 0 0
0 0 0 0 0 0 0 3 0 0 0 3 0 3 0 3 0 0 0 0 0 0 0 3 17
3 0 3 3 0 0 0 0 0 0 3 0 3 3 0 3 27 27 3 0 3 3 0 0 0
0 3 0 3 0 0 0 0 0 0 0 0 0 0 3 0 3 0 3 3 0 0 0 0 0 0
0 0 0 0 0 3 0 0 0 0 0 0 0 0 3 0 3 7 3 0 0 0 0 0 0 0
3 0 0 0 0 0 0 0 0 0 0 0 0 0 0 0 0 0 0 0 0 0 0 0 0 3
0 0 0 3 6 7 7 3 0 3 0 0 0 3 0 0 0 0 0 0 0 0 0 0 3 0
0 0 0 0 0 0 0 0 0 0 0 0 0 3 0 3 3 0 0 0 0 0 0 0 0 0
0 0 0 0 3 0 0 0 0 0 0 3 3 0 0 0 0 0 3 0 0 0 0 0 0 0
0 0 3 7 3 0 3 0 0 0 0 0 0 0 0 0 0 0 0 0 0 0 0 0 0 0
0 0 3 0 0 3 0 0 0 0 3 0 0 0 0 0 0 0 0 0 0 0 0 0 0 0
0 0 3 0 0 0 0 0 0 0 0 0 0 0 0 0 0 0 0 0 0 0 0 0 0 0
0 0 0 0 0 0 0 0 3 0 0 0 0 0 0 0 0 0 0 0 0 0 0 0 0 0
0 0 0 0 0 0 0 0 0 0 0 0 0 0 0 0 0 0 0 0 0 0 0 0 0 0
0 0 0 0 0 0 0 0 0 0 0 3 0 0 0 0 0 0 0 0 0 0 0 0 0 0
0 0 0 0 0 0 0 0 0 0 0 0 0 0 0 0 0 0 0 0 0 0 0 0 0 0
0 0 0 0 0 0 0 0 0 0 0 0 0 0 0 0 3 0 0 0 0 0 0 0 0 0
0 0 0 0 0 0 0 0 0 0 0 0 0 0 0 0 0 0 0 0 0 0 0 0 0 0
0 0 0 0 0 0 0 0 0 0 0 0 0 0 0 0 0 0 0 0 0 0 0 0 0 0
0 0 0 0 0 0 0 0 0 0 0 0 0 0 0 0 0 0 0 0 0 0 0 0 0 0
0 0 0 0 0 0 0 0 0 0 0 0 0 0 0 0 0 0 0 0 0 0 0 0 0 0
0 0 0 0 0 0 0 0 0 0 0 0 0 0 0 0 0 0 0 0 0 0 0 0 0 0
0 0 0 0 0 0 0 0 0 0 0 0 0 0 0 0 0 0 0 0 0 0 0 0 0 0
0 0 0 0 0 0 0 0 0 0 0 0 0 0 0 0 0 0 0 0 0 0 0 0 0 0
0 0 0 0 0 0 0 0 0 0 0 0 0 0 0 0 0 0 0 0 0 0 0 0 0 0
0 0 0 0 0 0 0 0 0 0 0 0 0 0 0 0 0 0 0 0 0 0 0 0 0 0
0 0 0 0 0 0 0 0 0 0 0 0 0 0 0 0 0 0 0 0 0 0 0 0 0 0
0 0 0 0 0 0 0 0 0 0 0 0 0 0 0 0 0 0 0 0 0 0 0 0 0 0
0 0 0 0 0 0 0 0 0 0 0 0 0 0 0 0 0 0 0 0 0 0 0 0 0 0
0 0 0 0 0 0 0 0 0 0 0 0 0 0 0 0 0 0 0 0 0 0 0 0 0 0
0 0 0 0 0 0 0 0 0 0 0 0 0 0 0 0 0 0 0 0 0 0 0 0 0 0
0 0 0 0 0 0 0 0 0 0 0 0 0 0 0 0 0 0 0 0 0 0 0 0 0 0
0 0 0 0 0 0 0 0 0 0 0 0 0 0 0 0 0 0 0 0 0 0 0 0 0 0
0 0 0 0 0 0 0 0 0 0 0 0 0 0 0 0 0 0 0 0 0 0 0 0 0 0
0 0 0 0 0 0 3 0 0 0 0 0 0 0 0 0 0 0 0 0 0 0 0 0 0 0
0 0 0 0 0 0 0 0 0 0 0 0 0 0 0 0 0 0 0 0 0 0 0 0 0 0
0 0 0 0 0 0 0 0 0 0 0 0 0 0 0 0 0 0 0 0 0 0 0 0 0 0
0 0 0 0 0 0 0 0 0 0 0 0 0 0 0 0 
>N-M_NBIP PHD_FILE: N-M_NBIP.phd.1
8 8 8 8 6 9 10 13 17 24 28 15 8 8 8 8 8 8 9 9 9 9 8
8 8 8 8 6 6 6 6 6 14 13 11 11 19 22 23 27 13 9 8 8
8 15 19 28 40 37 37 26 25 18 18 19 29 29 37 34 34 30
25 20 24 24 28 32 37 37 37 29 29 32 32 32 39 39 42
47 50 50 53 59 59 59 46 46 46 41 39 21 17 8 6 6 6 8
9 9 28 28 39 47 39 43 43 47 47 57 57 48 48 48 48 48
39 39 28 28 18 19 11 11 11 18 16 17 20 15 18 12 13
13 21 19 18 18 12 12 12 13 13 13 13 12 12 11 12 12
24 18 18 15 15 17 10 12 12 16 16 30 42 42 42 35 30
30 33 32 32 32 25 32 23 18 18 18 19 22 17 21 21 20
20 18 23 11 11 11 12 12 8 8 8 8 9 8 10 7 7 7 8 8 8
12 10 10 11 11 11 15 12 12 22 11 11 12 12 10 9 9 9
9 9 11 12 12 11 11 11 12 12 15 15 19 11 11 8 8 6 7
6 11 10 10 10 17 19 10 13 8 8 8 8 8 8 9 9 10 8 8 8
11 8 8 8 10 13 13 11 19 15 15 12 12 11 15 12 12 11
12 12 8 8 6 7 10 8 9 8 8 8 15 8 8 8 8 14 9 9 23 11
9 8 8 8 8 8 8 10 10 8 8 8 8 6 6 8 8 16 19 28 19 19
15 19 15 24 24 37 24 17 8 8 8 10 11 8 8 6 6 6 9 9 9
12 16 10 8 6 6 6 6 8 8 11 11 10 8 11 8 6 8 6 6 8 8
13 12 8 8 6 6 10 10 9 10 9 9 9 13 8 8 8 8 8 9 9 14
16 13 9 9 10 12 9 9 9 9 9 9 9 10 10 9 14 19 13 11 11
12 12 11 9 9 9 9 10 8 8 6 6 8 8 8 10 10 11 9 9 9 11
8 8 8 8 8 8 9 9 9 13 22 10 10 8 8 8 8 9 9 9 8 8 6 6
8 6 7 7 8 8 8 8 8 8 6 8 6 6 8 8 9 12 16 12 11 11 8
8 8 6 8 6 6 8 8 8 8 8 6 6 8 8 8 8 8 9 9 10 9 11 11
13 10 12 10 10 10 14 10 9 9 21 9 10 9 9 3 0 3 8 8 8
6 6 6 6 8 8 6 8 6 6 8 8 8 8 8 21 10 8 8 8 8 8 8 9 9
9 25 12 12 3 0 3 9 19 8 8 8 8 8 9 9 6 6 6 8 8 9 10
8 8 8 9 9 11 15 10 15 10 9 9 10 9 8 8 8 8 8 8 8 8 10
9 10 9 9 9 8 3 0 3 8 8 10 8 8 8 10 10 9 10 10 10 10
12 8 8 6 7 10 10 9 10 8 6 6 6 6 8 6 6 6 8 8 3 0 3 13
21 14 12 12 9 9 9 11 11 11 11 11 11 10 10 12 8 8 8
6 6 8 10 10 10 10 9 9 6 8 6 3 0 3 14 7 6 3 0 3 6 8
8 6 6 6 8 8 8 6 6 8 8 10 8 17 9 6 8 8 10 10 8 8 8 3
0 3 8 8 8 3 0 3 10 9 8 21 17 11 3 0 3 8 8 6 6 8 8 6
6 6 6 3 0 3 6 8 3 0 3 3 0 3 10 10 10 3 0 3 17 19 8
8 8 8 19 8 9 7 3 0 3 8 9 10 7 6 8 8 21 19 19 8 8 6
6 6 6 8 15 10 3 0 3 7 7 7 3 0 3 14 15 8 9 9 9 11 3
0 3 15 8 9 6 6 6 8 6 6 8 6 6 6 6 3 0 3 14 6 3 0 0 3
11 10 10 8 10 8 8 8 10 8 8 22 22 22 16 6 6 8 3 0 3
17 8 9 9 9 6 8 8 3 0 3 6 6 8 3 0 0 0 3 14 3 0 3 3 0
3 7 14 8 8 8 8 8 8 8 22 19 17 3 0 3 3 0 3 11 21 3 0
3 21 13 13 10 8 6 6 8 8 3 0 3 0 0 3 0 3 0 3 3 0 3 9
9 10 11 9 8 15 19 22 8 8 8 8 3 0 0 0 0 3 14 15 21 10
9 9 10 21 22 19 18 3 0 0 0 3 3 0 3 6 6 7 9 8 8 8 11
3 0 0 0 0 3 0 3 17 19 17 3 0 0 3 0 3 3 0 3 0 0 3 14
14 3 0 3 17 19 17 3 0 3 21 21 25 24 24 16 9 6 6 6 8
10 8 3 0 3 8 8 9 3 0 0 0 3 6 6 6 6 7 7 9 9 9 9 24 24
19 18 3 0 0 3 3 0 0 3 25 25 23 23 3 0 0 3 6 3 0 3 13
3 0 0 3 9 9 13 22 23 24 7 7 3 0 3 8 3 0 3 0 0 0 3 8
6 6 3 0 0 3 7 7 3 0 3 0 0 3 3 0 3 3 0 0 0 3 7 6 6 8
15 21 3 0 3 8 8 17 19 10 3 0 3 3 0 3 17 19 24 19 17
3 0 3 0 3 0 3 23 3 0 3 11 3 0 0 0 3 0 3 11 11 16 16
16 25 12 3 0 3 0 3 7 14 3 0 0 3 17 15 16 6 6 3 0 3
17 19 8 6 6 3 0 3 8 10 10 3 0 0 3 7 7 9 9 24 9 9 9
24 24 19 18 3 0 3 3 0 0 0 3 0 0 3 7 7 24 19 18 3 0
3 6 6 8 17 3 0 0 0 3 0 3 14 6 6 6 6 3 0 3 0 0 3 23
23 3 0 3 23 9 9 9 22 22 8 9 9 9 9 8 8 6 16 8 9 3 0
0 3 17 3 0 3 7 8 24 19 21 3 0 3 8 7 7 3 0 3 17 17 8
8 8 8 27 3 0 3 18 10 10 3 0 0 3 14 3 0 0 3 14 3 0 0
3 0 0 3 7 7 24 24 25 24 21 12 9 9 8 21 21 25 24 21
17 8 8 8 17 3 0 3 0 0 3 14 14 3 0 0 3 7 7 7 3 0 0 0
3 14 3 0 0 3 14 14 7 
>N-M_NFIP PHD_FILE: N-M_NFIP.phd.1
10 10 8 8 6 6 11 11 8 8 6 8 6 6 8 8 8 6 6 6 8 10 6
7 6 8 8 8 7 7 6 6 6 6 6 6 8 10 8 6 6 6 6 8 6 8 8 15
16 18 15 9 9 8 8 6 9 9 23 23 37 37 37 37 48 34 34 28
22 17 13 10 10 13 20 21 14 13 13 10 13 3 0 3 18 20
3 0 3 3 0 3 0 3 12 20 22 24 12 12 15 19 19 18 17 11
15 15 16 11 11 11 10 11 11 12 12 9 9 9 11 11 10 10
10 10 10 10 14 15 11 11 9 6 6 6 6 6 8 10 11 11 16 11
11 11 23 13 12 10 10 10 12 12 9 9 9 12 11 11 11 9 9
9 12 12 12 12 11 11 12 11 11 9 16 16 13 13 13 19 19
20 20 23 15 14 14 28 25 15 12 12 13 15 19 19 16 12
11 8 15 12 17 8 8 8 8 8 6 6 8 3 0 3 8 13 15 15 15 11
8 8 6 6 8 8 8 21 11 13 15 12 8 8 8 8 8 8 11 8 3 0 3
8 19 17 6 6 8 6 6 6 8 6 6 8 8 8 8 8 10 10 11 10 10
11 11 10 10 12 17 8 7 8 8 9 3 0 3 10 10 11 11 10 10
10 10 10 10 3 0 0 0 3 8 8 8 8 8 8 9 9 13 10 9 3 0 3
3 0 0 3 12 12 3 0 3 8 8 8 8 9 11 3 0 3 8 8 8 10 11
11 15 12 18 16 29 3 0 0 3 0 3 0 3 0 3 11 13 13 17 12
12 12 33 25 41 25 19 17 3 0 3 17 3 0 0 3 25 3 0 0 0
0 3 0 0 3 18 3 0 3 9 9 3 0 0 0 3 3 0 0 3 17 19 23 12
3 0 3 8 8 12 24 37 44 59 27 27 3 0 0 0 0 0 0 0 3 0
0 0 0 0 3 0 0 3 21 3 0 3 0 3 0 0 0 0 0 0 0 3 0 3 0
0 0 0 3 7 7 3 0 0 3 3 0 3 3 0 0 3 29 3 0 0 0 0 0 0
3 3 0 0 0 0 0 0 0 0 0 0 0 0 0 0 0 0 0 0 0 0 0 3 3 0
3 7 7 7 7 3 0 3 3 0 0 3 14 3 0 0 3 0 0 3 0 0 3 17 3
0 0 3 0 0 3 0 0 0 0 0 0 0 0 3 0 0 3 3 0 0 3 3 0 0 0
0 3 0 0 0 0 0 0 0 0 0 3 0 0 3 7 3 0 3 0 0 0 0 0 0 3
0 3 0 0 0 0 0 0 0 0 0 0 0 0 0 0 0 0 0 0 0 0 0 0 0 0
0 0 0 0 0 0 0 3 0 0 0 0 0 0 0 0 0 0 0 0 0 0 0 0 0 0
0 0 0 0 0 0 0 0 0 0 0 0 0 0 0 0 0 0 0 0 0 0 0 0 3 0
0 3 7 3 0 0 0 0 3 0 0 0 0 0 0 0 0 0 0 0 0 0 0 0 0 0
0 0 0 0 0 0 0 3 0 0 0 0 0 0 0 0 0 0 0 0 0 0 0 0 0 0
0 0 0 0 0 0 0 0 0 0 0 0 0 0 0 0 0 0 0 0 0 0 0 0 0 0
0 0 0 0 0 0 0 0 0 0 0 0 0 0 0 0 0 0 0 0 0 0 0 0 0 0
0 0 0 0 0 0 0 0 0 0 0 0 0 0 0 0 0 0 0 0 0 0 0 0 0 0
0 0 0 0 0 0 0 0 0 0 0 0 0 0 0 0 0 0 0 0 0 0 0 0 0 0
0 0 0 0 0 0 0 0 0 0 0 0 0 0 0 0 0 0 0 0 0 0 0 0 0 0
0 0 0 0 0 0 0 0 0 0 0 0 0 0 0 0 0 0 0 0 0 0 0 0 0 0
0 0 0 0 0 0 0 0 0 0 0 0 0 0 0 0 0 0 0 0 0 0 0 0 0 0
0 0 0 0 0 0 0 0 0 0 0 0 0 0 0 0 0 0 0 0 0 0 0 0 0 0
0 0 0 0 0 0 0 0 0 0 0 0 0 0 0 0 0 0 0 0 0 0 0 0 0 0
0 0 0 0 0 0 0 0 0 0 0 0 0 0 0 0 0 0 0 0 0 0 0 0 0 0
0 0 0 0 0 0 0 0 0 0 0 0 0 0 0 0 0 0 0 0 0 0 0 0 0 0
0 0 0 0 0 0 0 0 0 0 0 0 0 0 0 0 0 0 0 0 0 0 0 0 0 0
0 0 0 0 0 0 0 0 0 0 0 0 0 0 0 0 0 0 0 0 0 0 0 0 0 0
0 0 0 0 0 0 0 0 0 0 0 0 0 0 0 0 0 0 0 0 0 0 0 0 0 0
0 0 0 0 0 0 0 0 0 0 0 0 0 0 0 0 0 0 0 0 0 0 0 0 0 0
0 0 0 0 0 0 0 0 0 0 0 0 0 0 0 0 0 0 0 0 0 0 0 0 0 0
0 0 0 0 0 0 0 0 0 0 0 0 0 0 0 0 0 0 0 0 0 0 0 0 0 0
0 0 0 0 0 0 0 0 0 0 0 0 0 0 0 0 0 0 0 0 0 0 0 0 0 0
0 0 0 0 0 0 0 0 0 0 0 0 0 0 0 0 0 0 0 0 0 0 0 0 0 0
0 0 0 0 0 0 0 0 0 0 0 0 0 0 0 0 0 0 0 0 0 0 0 0 0 0
0 0 0 0 0 0 0 0 0 0 0 0 0 0 0 0 0 0 0 0 0 0 0 0 0 0
0 0 0 0 0 0 0 0 0 0 0 0 0 0 0 0 0 0 0 0 0 0 0 0 0 0
0 0 0 0 0 0 0 0 0 0 0 0 0 0 0 0 0 0 0 0 0 0 0 0 0 0
0 0 0 0 0 0 0 0 0 0 0 0 0 0 0 0 0 0 0 0 0 0 0 0 0 0
0 0 0 0 0 0 0 0 0 0 0 0 0 0 0 0 0 0 0 0 0 0 0 0 0 0
0 0 0 0 0 0 0 0 0 
>N-S_NBIP PHD_FILE: N-S_NBIP.phd.1
10 10 10 10 12 10 10 10 10 6 6 7 7 7 3 0 3 8 8 13 15
23 33 31 32 30 24 24 28 34 18 8 3 0 3 14 15 27 27 16
16 17 29 32 59 43 28 28 20 24 26 30 30 28 28 28 34
32 35 44 44 44 47 59 50 50 50 50 50 53 57 57 57 57
57 59 59 57 43 40 24 18 15 12 12 12 30 30 32 32 20
20 23 37 37 48 48 48 48 48 54 54 42 42 27 27 19 24
20 20 20 19 19 19 19 20 21 21 31 24 19 19 18 15 13
12 15 12 12 11 11 11 12 12 12 18 22 12 12 12 15 11
11 11 13 21 24 39 35 35 35 39 39 43 39 37 29 28 21
23 14 14 14 24 22 24 16 15 15 10 10 11 15 18 19 21
18 12 12 11 12 11 9 9 9 11 11 11 12 12 12 15 12 12
12 12 12 12 12 8 8 8 8 8 8 9 9 10 13 10 10 8 8 8 8
13 11 11 11 10 10 10 10 10 10 15 22 21 21 15 18 17
12 10 10 14 14 14 8 8 6 6 6 6 8 8 11 11 11 12 11 11
12 18 15 12 12 11 11 10 13 13 12 15 15 17 11 11 11
12 16 16 9 9 9 18 18 37 33 33 25 25 23 30 16 15 15
12 11 9 9 12 12 15 15 15 23 13 13 10 10 10 10 10 6
6 6 8 10 11 10 10 10 10 13 15 24 12 12 11 10 10 8 8
6 6 8 8 10 11 12 12 9 7 8 15 17 15 6 9 9 9 9 10 15
17 8 8 8 8 6 9 9 9 9 12 16 22 22 24 20 15 8 11 8 7
12 8 8 11 10 11 11 8 8 8 8 10 11 13 10 11 9 9 9 9 9
13 16 12 9 9 9 13 9 10 13 17 15 9 9 9 15 15 8 8 8 8
8 8 8 8 10 10 10 11 15 15 18 9 9 9 9 9 9 10 17 18 19
21 19 15 15 13 14 9 9 9 8 8 8 9 9 9 12 24 11 11 11
9 16 9 9 9 11 11 11 11 15 9 9 9 8 10 8 8 6 8 6 6 8
6 6 8 10 10 23 10 10 8 8 6 6 8 8 13 13 17 13 8 9 9
9 13 8 8 6 6 8 8 11 12 10 9 9 9 8 10 8 8 8 7 7 10 8
8 8 19 10 13 19 19 15 9 9 9 11 8 8 6 6 8 6 6 8 8 8
8 8 9 8 14 9 9 9 16 11 12 12 8 8 8 10 12 12 12 10 14
12 8 8 8 7 7 12 15 15 10 10 8 9 9 9 7 7 10 8 10 10
8 8 8 8 11 11 8 8 9 9 13 17 11 9 9 9 7 11 6 6 6 6 13
12 15 9 9 10 10 10 12 19 17 12 15 8 8 8 6 6 6 6 8 10
8 8 9 9 10 10 10 10 16 9 9 8 10 9 9 13 8 7 9 8 6 8
8 8 15 10 11 11 9 9 9 9 9 14 8 8 8 10 7 7 6 8 6 6 8
8 7 7 10 8 8 8 8 8 15 10 8 7 7 7 7 7 11 8 8 6 6 8 8
9 9 8 8 6 6 7 7 12 8 8 8 10 10 10 8 8 8 8 8 9 9 9 10
8 8 8 8 11 8 11 11 15 9 9 9 8 8 8 8 8 8 8 8 8 8 8 11
8 8 8 7 7 8 15 10 8 8 8 8 8 7 7 8 7 10 13 3 0 3 8 8
8 8 8 8 6 8 6 7 8 8 8 8 6 6 6 6 10 12 12 16 12 9 8
8 6 6 8 8 10 10 11 11 12 8 8 8 8 8 6 6 6 8 8 9 9 9
9 8 8 8 6 6 6 6 8 8 9 10 8 6 6 6 8 10 12 25 10 6 8
6 7 8 8 3 0 3 13 9 10 9 9 9 8 8 8 6 8 8 9 9 9 9 9 10
6 6 6 6 6 6 8 8 8 8 8 8 3 0 3 8 8 15 9 11 17 3 0 3
3 0 3 6 8 6 8 8 8 12 6 7 7 7 8 7 13 3 0 3 9 8 8 8 8
8 19 9 8 8 8 8 8 8 8 6 6 6 3 0 3 9 13 10 11 11 11 19
12 18 12 13 19 19 8 8 8 15 17 24 30 13 10 7 6 6 6 3
0 3 6 8 8 9 10 10 8 8 15 6 6 8 8 10 3 0 3 9 9 9 21
9 9 8 8 8 8 3 0 3 6 6 10 10 8 6 6 6 6 8 8 8 12 8 8
6 6 8 10 8 8 8 8 8 8 3 0 0 3 6 6 3 0 3 8 8 8 6 6 6
6 8 6 11 10 10 10 11 10 21 3 0 0 3 8 8 3 0 0 3 8 12
19 24 8 8 8 8 8 8 8 8 3 0 3 8 8 8 8 8 6 6 8 15 8 6
3 0 3 8 8 22 26 29 23 12 8 8 8 6 7 7 8 8 17 3 0 3 3
0 3 11 3 0 0 3 11 21 21 21 9 10 10 6 3 0 3 3 0 3 0
3 9 9 11 13 8 8 8 13 19 8 6 6 8 19 17 12 8 8 8 9 10
10 10 8 8 8 12 8 8 9 9 8 8 6 6 8 10 7 6 8 8 12 12 18
12 11 10 8 8 6 6 8 8 12 9 10 11 8 8 6 6 8 6 6 8 8 10
8 8 6 6 8 8 9 9 9 8 17 8 8 8 10 8 6 6 6 6 8 8 8 10
3 0 3 11 11 11 11 15 11 11 11 8 8 6 6 10 9 8 8 8 22
22 8 8 8 8 8 6 7 7 3 0 3 8 3 0 3 9 9 3 0 3 3 0 0 3
8 10 11 8 8 8 6 6 6 8 10 8 8 9 3 0 3 8 7 7 7 3 0 3
6 6 8 6 7 6 6 8 8 8 6 6 8 3 0 0 3 8 8 8 8 8 8 8 8 8
16 7 6 3 0 3 0 3 6 6 8 3 0 3 0 3 8 8 8 8 3 0 3 9 3
0 3 0 3 0 3 13 9 9 8 8 6 6 8 8 6 6 8 7 12 7 6 8 3 0
3 9 9 21 21 13 17 13 16 14 26 26 26 
>N-S_NFIP PHD_FILE: N-S_NFIP.phd.1
6 6 6 6 6 6 7 7 8 7 6 6 7 6 8 8 9 9 8 12 13 8 8 8 6
8 8 21 16 10 9 10 8 10 8 8 8 8 11 10 10 10 9 8 8 8
8 8 8 10 10 12 11 8 8 6 6 8 8 15 17 37 41 41 43 43
33 33 28 17 13 9 9 9 10 15 23 12 11 11 11 14 11 22
12 16 18 12 12 12 12 12 22 12 13 13 18 18 12 12 13
10 10 9 9 9 9 11 13 12 13 11 15 12 13 11 10 8 8 8 8
9 11 15 15 13 13 14 14 18 21 19 13 9 9 12 16 17 15
15 12 11 11 12 15 18 19 24 18 13 13 12 12 12 12 12
12 21 15 15 14 15 21 19 19 17 17 13 16 12 13 13 15
15 19 15 15 14 14 14 25 24 15 13 12 15 12 13 12 21
12 11 11 12 18 18 21 15 11 8 8 8 10 10 10 9 12 12 12
9 9 9 18 18 18 20 9 9 7 6 8 6 6 6 8 10 10 11 11 11
11 18 18 18 11 9 9 12 8 11 6 6 6 6 9 9 11 11 9 11 11
11 18 18 11 11 11 11 9 15 9 9 9 12 11 12 11 11 9 18
12 12 12 12 12 28 21 21 23 12 12 11 12 12 20 9 9 9
10 9 9 9 12 12 10 10 11 11 15 15 15 12 11 11 11 12
12 11 27 27 12 12 15 19 11 11 10 10 10 10 22 22 15
13 12 18 15 13 13 13 13 21 18 11 11 11 12 11 11 11
12 12 8 8 8 8 9 9 9 9 9 11 22 22 23 9 8 6 6 6 8 8 11
11 12 12 10 10 9 9 9 11 9 9 10 10 21 10 10 10 9 11
11 11 8 8 8 8 8 10 10 10 10 10 10 8 9 8 8 8 8 8 8 8
7 8 6 9 15 21 21 11 11 8 17 8 8 8 8 9 10 10 10 11 10
10 9 8 10 8 8 17 8 8 8 8 8 8 8 10 9 19 8 8 8 8 21 21
33 29 30 21 21 9 11 12 9 9 8 17 8 8 8 21 19 19 8 8
11 10 10 22 22 10 11 3 0 3 21 19 17 8 8 8 8 10 17 18
3 0 3 12 12 12 11 25 24 11 15 10 10 10 10 10 12 12
27 28 50 47 30 25 22 17 8 6 8 8 10 23 10 12 3 0 0 3
21 16 13 15 12 11 11 12 17 15 23 10 10 3 0 3 12 12
13 15 15 15 13 12 12 11 11 3 0 3 17 11 12 14 26 26
12 12 12 12 13 18 33 34 44 39 39 32 32 32 34 23 17
3 0 3 0 3 12 3 0 3 8 7 24 24 24 19 13 9 3 0 3 17 8
8 3 0 3 23 25 25 12 12 12 12 13 28 25 12 3 0 3 12 25
29 3 0 0 3 0 3 18 19 11 3 0 0 3 0 3 6 3 0 3 3 0 3 3
0 0 3 21 21 29 26 26 23 23 15 13 13 8 17 8 8 3 0 0
0 3 0 3 3 0 3 7 3 0 3 18 23 23 3 0 0 0 3 3 0 0 3 0
0 0 0 0 3 0 3 13 13 13 18 3 0 3 3 0 3 8 3 0 3 0 0 3
3 0 0 0 0 3 7 7 3 0 3 17 3 0 0 3 6 6 8 22 19 17 3 0
3 0 0 0 0 3 0 0 3 3 0 3 3 0 3 3 0 0 0 3 0 0 0 0 0 0
3 0 0 3 0 0 0 0 0 0 3 0 0 0 3 0 0 3 11 11 17 12 24
24 9 7 7 3 0 0 3 17 8 8 3 0 0 0 3 8 7 9 7 7 3 0 3 3
0 0 0 3 11 3 0 3 17 3 0 3 17 21 3 0 3 7 7 3 0 0 3 8
3 0 3 0 3 0 3 3 0 0 0 3 6 6 3 0 3 3 0 3 18 3 0 0 3
17 17 3 0 0 0 0 3 0 3 0 3 17 3 0 3 3 0 0 0 0 0 3 8
3 0 3 3 0 3 21 3 0 0 3 0 0 3 3 0 0 3 3 0 0 0 0 0 0
3 0 0 0 0 3 3 0 0 0 0 0 3 7 7 9 7 7 3 0 0 0 3 0 0 0
0 0 3 3 0 3 13 3 0 0 0 3 13 3 0 3 0 0 0 3 3 0 3 3 0
3 3 0 0 0 3 8 8 3 0 3 3 0 3 0 0 3 14 3 0 0 0 3 11 3
0 0 0 3 3 0 3 3 0 3 0 0 0 0 0 3 8 3 0 0 0 0 0 0 3 3
0 3 17 17 3 0 0 0 0 3 0 3 0 0 0 3 0 0 0 0 0 0 3 0 0
0 0 0 0 0 0 0 3 3 0 0 0 0 0 3 7 7 3 0 0 0 0 3 3 0 0
3 3 0 0 0 0 0 0 3 0 0 0 0 0 0 3 0 3 0 3 8 3 0 0 0 0
3 0 0 0 3 0 0 0 0 0 0 0 0 0 0 0 0 0 0 0 0 0 0 0 0 0
0 0 0 0 0 0 0 0 3 0 0 0 0 0 0 0 0 0 0 3 0 0 0 0 0 3
0 3 0 0 0 0 0 0 0 0 0 0 0 0 0 0 0 0 0 0 0 0 0 0 0 0
0 0 0 0 3 21 21 21 3 0 0 0 0 0 3 11 11 21 21 3 0 0
0 0 0 0 0 0 0 0 3 0 0 0 0 0 0 0 0 0 0 0 0 3 0 0 0 0
0 0 0 0 0 0 0 0 0 0 0 0 0 0 0 0 0 0 0 3 0 3 0 0 0 0
0 0 0 0 0 0 0 0 0 0 0 0 0 0 0 0 0 0 0 0 0 0 0 0 0 0
0 0 0 0 0 0 0 0 0 0 0 0 0 0 0 0 0 0 0 0 0 0 0 0 3 0
0 0 0 0 0 0 0 0 0 0 0 0 0 0 0 0 0 0 0 0 0 0 0 0 0 0
0 0 0 0 0 0 0 0 
>P-M_PBIP PHD_FILE: P-M_PBIP.phd.1
8 8 8 8 8 6 6 6 6 6 8 6 6 6 6 15 21 20 18 9 9 9 13
13 24 32 29 21 21 19 15 10 9 8 8 8 14 23 21 37 37 41
41 47 28 30 15 19 8 8 8 8 8 8 15 23 3 0 3 7 6 8 8 9
10 17 17 19 19 16 24 21 24 26 28 22 15 15 11 11 11
17 11 9 9 12 16 12 12 11 23 12 12 12 16 12 13 13 15
15 15 15 15 12 12 11 6 8 6 6 8 6 6 8 8 10 11 11 11
12 11 11 10 8 8 8 8 8 10 12 11 11 11 11 11 11 10 10
10 12 9 9 13 16 18 22 15 18 11 17 17 21 28 22 17 22
21 19 21 15 19 14 16 19 23 15 15 12 11 15 12 11 11
11 12 12 12 12 11 11 11 11 10 9 9 9 10 11 11 11 10
15 10 10 10 11 12 11 12 12 12 11 11 11 11 9 9 18 16
15 11 11 11 20 20 15 15 12 15 15 10 10 10 10 10 15
31 37 32 26 22 15 11 11 11 22 16 21 23 24 30 25 12
9 7 7 6 8 9 11 27 15 15 15 9 9 9 9 9 11 11 19 22 16
11 11 11 11 11 15 21 34 21 12 11 11 12 12 15 15 19
12 10 10 10 10 10 14 18 20 20 19 16 21 11 10 10 22
21 13 9 9 9 13 17 34 34 11 11 11 12 11 10 10 11 12
16 14 15 15 15 13 15 15 26 15 19 19 21 36 25 16 16
15 10 10 10 23 23 23 8 8 7 7 10 8 9 10 10 10 12 11
33 33 20 20 12 12 10 10 10 23 27 53 53 27 27 11 11
11 27 12 15 11 11 9 11 9 9 9 11 15 24 34 41 20 20 19
32 32 32 32 20 15 15 11 11 8 15 9 9 19 9 7 8 12 19
9 9 8 8 8 21 8 10 10 23 23 23 10 12 15 15 14 16 16
11 11 9 9 9 27 29 29 18 12 11 11 11 10 10 11 14 21
26 23 21 9 8 8 8 8 3 0 3 10 12 9 21 21 21 11 11 3 0
3 16 29 33 47 37 37 37 23 23 3 0 3 10 13 12 25 12 14
17 27 27 53 23 23 11 11 11 21 20 28 27 27 53 23 23
11 11 9 9 9 29 29 44 23 23 3 0 3 23 27 59 33 33 16
12 9 9 17 9 7 7 3 0 3 3 0 0 0 3 12 9 8 21 21 19 17
3 0 3 18 19 25 27 28 30 28 27 25 23 23 3 0 3 11 3 0
3 16 16 3 0 3 3 0 3 8 3 0 3 16 23 3 0 3 11 3 0 3 23
27 59 23 23 3 0 3 3 0 3 0 3 3 0 0 3 7 7 16 21 13 10
11 3 0 0 0 3 25 25 27 3 0 3 29 29 27 3 0 3 12 12 29
3 0 0 3 0 3 3 0 3 18 3 0 0 3 7 7 3 0 3 0 3 7 3 0 3
21 10 3 0 0 3 21 3 0 3 11 3 0 0 3 0 0 3 3 0 3 0 3 3
0 3 27 18 3 0 3 7 3 0 0 3 0 3 23 23 33 33 12 12 3 0
0 0 0 0 0 3 8 8 3 0 3 0 3 3 0 0 3 3 0 0 0 0 3 23 23
14 3 0 3 3 0 0 3 25 3 0 0 0 0 0 0 3 3 0 0 0 3 0 0 3
0 0 3 0 0 0 3 0 0 0 0 0 3 0 0 0 0 0 3 3 0 0 0 0 0 0
0 3 0 3 0 0 0 0 0 0 0 3 0 0 0 0 3 3 0 3 0 3 7 3 0 0
0 0 0 3 0 0 0 0 0 0 0 0 0 0 0 0 0 0 3 7 7 3 0 0 0 0
0 3 0 3 3 0 0 0 0 0 3 0 0 0 0 0 0 3 3 0 0 0 0 0 0 0
0 0 0 3 0 0 0 0 0 0 0 0 0 0 0 0 0 0 0 0 0 0 0 0 0 0
0 0 0 0 0 0 0 0 0 0 0 0 0 0 3 0 0 0 0 0 0 0 0 0 0 0
0 0 0 0 0 0 0 0 0 0 0 0 0 0 0 0 0 0 0 3 0 0 0 0 0 0
0 0 0 0 0 0 3 0 0 0 0 0 3 0 0 0 0 0 0 0 0 0 0 0 0 0
3 3 0 0 0 0 0 0 0 0 0 0 0 0 0 0 0 0 0 0 0 0 0 0 0 0
0 3 0 0 0 3 0 0 0 0 0 0 0 0 0 0 0 0 0 0 3 0 0 0 0 0
0 0 0 0 0 0 0 0 0 0 0 0 0 0 0 3 0 0 3 0 0 0 0 0 0 0
0 3 3 0 0 0 0 0 0 0 0 0 0 0 0 0 0 0 0 0 0 0 0 0 0 0
0 0 0 0 0 0 0 0 3 7 3 0 0 0 3 3 0 0 0 0 0 0 0 0 0 0
0 0 0 0 0 0 0 0 0 0 0 0 0 0 0 0 0 0 0 0 0 0 0 0 0 0
0 0 3 0 0 0 0 0 0 0 0 0 0 0 0 0 0 0 0 0 0 0 0 0 0 0
0 0 3 0 0 0 3 0 0 3 0 0 0 0 0 0 0 0 0 0 0 0 0 0 0 0
0 0 0 0 3 0 0 0 0 0 0 0 0 0 0 0 0 3 0 0 0 0 0 0 0 0
0 0 0 0 0 0 0 0 0 0 0 3 7 3 0 0 0 0 0 0 0 0 0 0 0 0
0 0 0 0 0 0 0 0 0 0 0 0 0 0 0 0 0 0 0 0 0 0 0 0 0 0
0 0 0 0 0 0 0 0 0 0 0 0 0 0 0 0 0 0 0 0 0 0 0 0 0 0
0 0 0 0 0 0 0 0 0 0 0 0 0 0 0 0 0 0 0 0 0 0 0 0 0 0
0 0 0 
>P-M_PFIP PHD_FILE: P-M_PFIP.phd.1
9 9 9 9 11 10 8 6 6 6 6 6 7 7 6 6 8 8 8 6 6 8 7 6 6
8 8 8 9 7 7 8 7 10 8 14 13 15 14 14 16 24 30 27 24
30 28 19 18 16 13 13 11 11 11 11 10 10 10 21 10 20
20 29 29 23 21 11 10 10 21 21 23 23 13 12 12 3 0 0
3 27 3 0 3 12 12 23 23 39 40 41 21 19 10 10 10 10 10
10 10 22 28 37 48 48 59 59 59 37 34 20 20 15 21 12
14 15 19 19 23 20 24 18 16 15 19 12 10 10 15 15 18
16 23 24 16 12 11 11 12 12 12 18 12 14 15 28 29 33
30 30 30 32 32 34 37 28 28 23 23 23 25 25 19 26 15
20 20 23 23 37 40 43 34 32 15 15 12 12 12 24 21 18
11 11 11 11 11 12 12 11 11 11 12 18 26 23 23 18 18
11 11 11 17 12 15 12 20 11 11 11 11 12 11 11 8 11 8
8 8 15 12 12 11 15 12 15 19 32 34 34 34 20 12 16 12
9 9 9 15 15 21 18 12 12 12 11 11 22 22 23 28 15 14
14 12 15 12 12 12 15 12 12 12 11 11 11 16 11 11 11
11 21 17 19 11 11 11 11 11 19 15 20 20 28 28 34 27
12 10 10 8 8 10 23 23 25 19 16 10 10 10 10 10 10 13
17 19 24 28 28 23 19 16 11 11 11 11 12 12 16 12 11
11 9 9 9 12 15 13 9 9 9 13 13 10 14 10 9 9 10 10 10
9 9 9 9 9 15 16 12 10 8 8 8 8 11 8 8 8 8 8 8 12 12
15 12 12 14 26 28 39 36 26 15 10 8 7 7 8 9 9 8 8 8
8 8 8 11 21 21 16 15 19 17 15 15 14 16 16 11 11 8 8
7 8 10 11 15 13 11 11 11 13 19 9 9 9 23 22 22 15 9
9 9 16 16 12 10 8 8 8 8 7 7 10 8 11 16 16 12 11 11
11 25 23 34 28 15 12 10 10 10 10 10 10 10 15 12 12
19 28 18 14 14 14 21 25 11 11 9 11 10 9 9 9 10 11 12
24 24 18 18 14 14 14 24 23 30 15 11 8 8 8 7 7 7 8 9
10 9 10 9 9 9 9 9 16 12 12 9 9 9 9 9 17 8 8 8 8 8 8
8 8 8 17 11 8 8 8 10 10 12 13 22 26 37 37 36 22 22
11 10 11 23 16 10 10 13 15 8 7 7 8 9 12 10 9 9 9 9
12 21 32 15 16 8 8 8 8 8 8 14 19 28 31 19 19 12 12
12 17 12 10 8 8 7 7 7 9 9 13 15 16 15 15 10 12 9 9
9 19 14 10 10 10 13 12 14 10 10 10 10 9 9 12 8 8 8
9 9 9 8 8 7 6 6 6 9 9 12 12 12 12 12 11 10 14 14 24
22 21 15 15 14 9 8 8 6 8 8 11 11 8 6 6 6 8 6 6 8 8
9 18 13 16 9 9 9 9 8 8 8 8 8 8 9 9 9 9 9 12 9 9 9 17
12 9 9 8 8 8 10 10 6 6 8 8 8 8 8 8 12 12 10 9 9 10
11 8 8 6 6 6 6 8 8 8 7 9 9 12 10 9 9 9 9 9 9 9 9 9
10 8 8 7 6 6 6 8 9 9 12 8 7 6 6 8 8 8 8 9 6 11 8 8
8 6 7 7 9 9 9 11 12 12 12 12 16 12 9 9 9 9 9 9 9 10
10 7 7 7 7 7 7 7 7 9 8 8 7 7 7 10 9 11 10 10 10 8 8
8 8 8 8 11 11 9 9 9 9 9 9 9 12 12 12 9 9 8 8 6 8 6
6 6 6 14 14 9 9 9 9 6 6 6 6 7 8 8 8 8 8 8 8 9 9 9 15
8 7 6 8 6 6 8 7 10 8 8 8 8 8 8 8 8 6 8 3 0 3 6 6 8
6 6 8 6 8 8 8 8 8 8 8 8 8 8 12 9 9 9 11 8 8 8 11 8
10 10 10 15 8 8 10 8 8 8 8 8 6 6 7 8 6 6 8 8 7 9 10
16 12 15 15 8 8 8 7 7 15 16 9 9 9 8 8 8 8 8 8 8 8 9
11 7 6 6 6 8 6 9 9 10 10 10 12 9 9 8 8 8 8 9 10 10
10 10 10 10 12 11 11 7 7 6 6 6 6 8 8 12 10 9 9 9 9
9 9 10 8 8 7 7 7 7 7 7 8 8 8 8 8 8 8 8 8 8 8 9 10 8
8 6 6 6 7 9 9 8 6 6 6 8 8 8 6 8 6 6 8 8 13 8 8 8 8
8 8 11 7 8 7 7 8 8 12 12 8 8 8 8 9 12 15 8 6 6 8 8
9 9 9 8 8 12 11 14 10 10 12 8 8 8 9 9 9 9 8 8 10 8
8 8 9 9 9 8 12 8 8 8 3 0 0 3 9 9 8 11 8 8 8 8 8 9 9
3 0 3 7 8 8 8 6 6 6 8 8 8 9 8 8 6 6 6 8 8 6 6 6 6 8
10 10 10 3 0 3 0 3 8 8 8 12 9 9 9 3 0 3 6 6 12 8 8
8 8 12 16 10 10 11 12 18 12 8 8 6 8 6 6 8 6 8 8 8 8
8 8 9 9 9 9 12 18 8 8 8 8 8 8 12 12 12 13 21 13 22
12 8 8 19 9 6 8 6 6 8 8 9 8 6 7 7 8 8 22 17 8 8 8 3
0 3 9 9 8 3 0 3 8 11 12 14 21 9 9 9 21 21 9 8 8 8 12
12 12 8 8 8 8 8 8 8 10 14 14 14 14 12 18 12 12 3 0
0 0 3 8 8 8 8 11 12 3 0 3 8 8 17 22 22 22 9 9 9 12
19 10 11 10 3 0 3 10 8 9 9 9 9 9 26 12 12 8 8 7 7 8
7 7 8 7 7 8 8 18 13 3 0 3 11 8 8 8 10 10 8 8 7 7 7
7 8 12 10 6 8 6 6 6 6 8 8 8 8 8 8 8 8 8 8 6 6 8 8 16
10 10 9 10 8 8 8 8 8 8 7 7 8 9 8 8 8 8 7 8 8 8 8 19
19 10 10 3 0 3 10 3 0 3 17 11 11 
>P-S_PBIP PHD_FILE: P-S_PBIP.phd.1
6 6 6 6 6 9 9 7 8 8 8 8 6 10 6 6 6 6 8 8 6 9 7 7 7
8 8 8 8 8 8 8 10 11 24 21 19 15 9 9 9 23 23 30 37 31
31 30 23 19 8 6 6 8 6 6 8 6 6 6 15 19 29 30 31 31 37
28 22 8 8 8 8 8 3 0 0 3 17 3 0 0 3 3 0 3 0 3 8 8 13
10 6 6 6 10 13 13 8 8 8 13 10 6 6 8 8 8 8 8 8 8 6 9
3 0 3 8 8 3 0 3 11 10 10 9 6 8 6 6 8 8 11 13 8 10 6
6 6 6 8 8 12 15 15 18 8 8 10 10 11 8 6 6 8 8 15 16
8 8 6 6 6 10 12 13 13 10 10 8 8 8 8 8 8 10 8 8 8 6
8 8 10 10 10 10 8 8 8 8 10 10 8 8 7 8 10 8 15 12 12
12 12 18 21 15 15 23 12 8 6 6 6 8 6 6 8 6 6 8 6 6 6
8 8 8 16 11 8 8 7 7 8 8 8 6 6 8 8 14 16 22 11 8 8 6
6 11 10 8 8 8 8 8 12 12 12 8 8 6 6 8 8 9 9 9 9 12 12
12 8 8 6 6 6 6 8 8 12 13 12 21 30 19 13 6 6 8 8 23
27 29 12 8 8 8 10 12 8 8 8 8 10 8 8 8 8 25 22 13 6
6 8 10 10 6 6 8 8 12 15 16 16 10 8 6 6 10 10 13 10
8 6 6 15 10 10 8 6 8 8 10 10 6 6 6 8 6 7 8 8 9 8 9
8 9 10 11 13 10 10 8 8 8 8 8 10 11 8 8 8 18 8 8 6 6
10 8 11 11 18 8 8 8 8 8 8 8 6 6 8 8 8 10 9 9 8 8 8
8 8 8 9 8 8 6 6 7 6 12 12 11 3 0 3 11 9 8 8 6 6 8 8
10 10 7 7 10 12 12 13 8 8 6 6 6 6 8 8 11 12 8 8 8 8
8 6 6 8 8 13 15 15 12 8 6 6 8 8 11 15 11 11 12 12 11
19 10 8 7 7 9 11 13 12 12 19 10 10 10 10 16 12 22 11
8 9 10 11 9 11 8 8 6 6 8 8 21 15 8 8 8 8 8 11 20 14
33 33 30 21 16 6 6 8 8 8 8 6 6 10 15 13 17 15 7 6 6
8 10 17 23 21 18 15 11 11 12 12 12 12 12 11 11 9 8
8 8 8 8 9 10 10 13 18 21 26 18 11 8 8 6 6 6 7 13 9
9 9 10 11 16 12 12 12 11 11 12 12 12 15 12 11 27 27
16 19 19 12 11 3 0 3 7 8 8 9 15 15 19 18 16 3 0 3 11
8 17 8 8 8 12 12 17 10 3 0 3 14 7 9 7 7 7 9 16 24 29
33 30 19 12 12 11 11 11 17 9 9 9 9 24 24 41 24 19 17
8 10 3 0 3 17 17 12 9 24 12 9 8 8 8 22 17 9 9 24 24
23 19 10 9 9 6 8 8 8 8 21 10 10 9 23 10 11 10 23 23
21 10 10 10 21 21 10 3 0 3 17 17 8 8 3 0 0 0 3 3 0
3 8 3 0 3 8 19 19 17 3 0 3 21 21 29 30 27 25 24 24
21 19 17 9 9 3 0 3 23 3 0 3 25 27 23 17 3 0 3 3 0 3
7 7 3 0 3 7 7 7 3 0 3 10 12 25 25 25 14 3 0 3 8 8 3
0 3 0 3 7 3 0 3 7 3 0 0 3 3 0 3 0 3 3 0 0 0 0 0 3 14
14 3 0 0 0 0 3 3 0 3 8 3 0 3 17 8 12 7 7 3 0 3 3 0
0 3 0 3 0 3 3 0 0 3 0 0 0 3 0 3 0 0 0 0 3 0 0 0 0 0
0 0 3 0 0 0 3 3 0 0 3 7 3 0 3 0 3 6 3 0 0 3 0 3 7 3
0 0 0 3 0 0 0 3 23 3 0 0 3 0 0 0 0 0 0 0 3 0 0 3 0
0 3 0 0 0 0 0 0 3 0 3 3 0 0 0 3 0 0 0 0 0 0 0 0 0 0
0 3 0 0 3 0 0 0 0 0 3 3 0 3 7 3 0 3 7 7 3 0 0 0 0 0
0 0 3 0 0 0 0 3 0 0 0 0 0 0 0 0 0 0 3 3 0 0 3 0 3 0
0 3 0 0 0 0 0 0 3 0 0 0 0 3 0 3 0 3 0 3 0 0 0 0 0 0
0 0 0 0 0 0 0 0 3 3 0 0 0 0 0 0 0 3 0 0 0 0 0 0 0 0
0 0 0 0 0 0 0 0 0 0 0 0 0 0 0 0 0 0 0 0 0 0 0 0 0 0
3 0 0 0 0 3 0 0 0 0 0 3 0 0 0 0 0 0 0 0 0 0 0 0 0 0
0 0 0 0 0 0 3 0 0 0 0 0 0 0 0 0 0 0 3 0 3 3 0 3 7 3
0 0 0 0 0 0 0 0 0 0 0 0 0 0 0 0 0 0 0 0 0 0 0 0 0 0
0 0 0 0 0 0 0 0 0 0 0 0 0 0 0 0 0 0 0 0 0 0 0 0 0 0
0 0 0 0 0 0 0 0 0 0 0 0 0 0 0 0 0 0 0 0 0 0 0 0 0 0
0 0 0 0 3 3 0 0 0 0 3 0 0 0 0 0 0 0 0 0 0 0 0 3 0 0
3 0 0 0 0 0 0 0 0 0 0 0 0 0 0 0 0 0 0 0 0 0 3 0 0 0
0 0 0 0 0 0 0 0 0 0 0 0 0 0 0 0 0 0 0 0 0 0 0 0 0 0
0 0 0 0 0 0 0 0 0 0 0 0 0 0 0 0 0 0 0 0 0 0 0 0 0 0
0 0 0 0 0 0 0 0 0 0 0 0 0 0 0 0 0 0 0 0 0 0 0 3 0 0
0 0 0 0 0 0 0 0 0 3 0 0 0 0 3 27 3 0 0 0 0 0 3 0 0
0 0 0 0 0 0 0 0 0 0 0 0 0 0 0 0 0 0 0 0 0 0 0 0 0 0
0 0 0 0 0 0 0 0 0 0 0 0 0 0 0 0 
>P-S_PFIP PHD_FILE: P-S_PFIP.phd.1
10 10 10 9 9 9 9 9 7 8 7 7 7 8 6 6 6 6 8 9 9 9 9 9
9 12 11 10 10 8 7 7 7 7 7 10 11 10 13 16 17 19 19 30
30 25 22 23 23 19 18 19 12 12 9 9 9 9 9 10 19 19 24
13 15 14 22 22 21 21 11 10 10 23 23 26 26 15 12 12
9 3 0 3 25 3 0 3 15 15 25 25 36 36 40 43 41 37 32 29
19 13 15 19 25 43 47 57 59 57 57 48 59 48 30 30 19
21 18 18 15 21 18 23 20 24 25 25 13 13 12 11 11 13
13 19 21 28 28 20 17 12 12 12 11 12 16 12 14 24 30
28 30 27 32 21 24 24 30 44 37 43 43 47 42 42 35 28
28 20 20 20 28 31 37 47 43 43 39 39 43 39 39 39 39
37 40 36 37 37 37 21 21 12 12 12 11 11 20 20 19 9 9
9 9 10 15 20 24 20 20 15 13 9 9 9 9 9 9 9 9 9 15 15
15 23 17 10 8 7 8 8 10 13 16 11 10 7 7 8 15 9 9 9 15
21 25 35 30 30 18 20 11 12 12 24 21 17 17 12 12 12
12 19 22 18 21 12 12 11 12 12 11 9 9 9 11 12 15 15
11 11 8 13 8 8 8 13 16 32 28 28 18 12 12 12 12 12 12
14 21 17 15 10 13 13 12 16 12 12 8 8 8 10 13 22 21
13 13 10 10 10 15 10 8 8 8 8 8 8 8 8 8 8 11 11 9 9
9 10 10 10 15 14 26 26 17 17 13 14 12 12 9 14 10 12
12 26 21 25 28 28 28 28 14 12 18 11 12 12 15 13 9 9
9 13 17 28 23 23 10 9 9 12 9 10 10 19 18 16 12 11 10
10 16 11 8 7 7 11 6 8 8 8 8 8 6 8 8 6 6 6 8 8 8 8 8
8 13 17 21 19 13 10 7 6 6 8 8 8 7 8 9 12 12 18 11 11
10 9 9 9 9 10 11 11 12 9 9 9 18 15 13 12 10 10 10 10
10 11 10 10 10 10 11 16 15 10 8 8 8 10 18 21 13 21
10 10 9 9 9 9 9 10 22 22 22 22 12 12 18 10 10 10 22
12 16 12 11 9 9 10 10 11 12 20 20 22 13 12 12 11 11
11 15 12 13 14 10 10 10 10 25 12 18 18 25 12 12 12
18 18 25 41 22 22 11 11 11 16 23 28 39 30 23 17 10
10 10 17 12 12 12 18 21 21 22 12 11 11 11 11 9 9 9
9 11 16 16 12 12 11 11 11 11 11 11 11 11 11 12 9 9
9 9 8 14 11 12 8 8 8 6 6 10 8 8 8 10 16 9 9 9 9 9 9
13 10 10 10 10 10 3 0 3 17 18 22 11 11 11 8 8 6 6 8
6 6 6 6 11 12 18 11 11 25 26 50 50 53 27 27 11 11 10
18 18 30 30 21 25 19 20 10 10 11 9 9 9 18 18 18 21
10 15 12 11 11 12 12 26 15 11 11 21 21 23 23 15 12
10 10 17 11 11 11 11 11 12 11 11 8 8 8 8 8 8 9 10 21
15 19 17 3 0 3 17 19 21 21 8 8 8 8 19 21 26 26 10 7
6 6 8 8 8 8 10 10 12 11 12 12 11 9 8 8 8 8 8 17 10
7 6 8 8 10 18 23 18 3 0 3 9 10 11 10 3 0 3 8 8 17 14
12 12 6 7 8 22 26 29 12 9 9 19 15 9 14 14 17 17 19
10 11 12 8 8 8 6 6 7 8 9 12 11 8 12 12 12 12 6 6 6
6 6 8 8 11 19 19 16 9 9 8 8 8 8 8 8 9 13 3 0 3 8 3
0 3 8 8 8 8 12 8 8 8 9 9 7 7 3 0 3 14 7 9 14 8 3 0
3 8 8 8 8 10 10 12 9 3 0 3 16 3 0 0 0 0 3 13 13 17
8 8 12 3 0 3 7 8 3 0 0 3 9 9 9 19 19 16 15 9 9 9 3
0 3 8 8 12 8 8 8 8 3 0 3 0 0 3 13 11 11 8 8 8 7 3 0
3 6 8 16 6 7 7 7 7 8 9 7 8 8 16 6 6 6 6 3 0 0 3 7 7
7 7 6 15 15 19 8 8 8 8 15 15 15 8 8 8 8 8 8 7 3 0 3
14 14 3 0 3 8 3 0 0 3 7 8 3 0 0 3 14 14 3 0 3 13 11
17 17 17 24 17 15 8 8 8 3 0 3 17 3 0 3 0 3 13 13 13
3 0 0 3 12 16 26 32 26 23 23 15 15 6 6 8 8 15 17 11
11 3 0 3 8 8 8 9 11 11 8 8 3 0 3 3 0 0 3 8 8 7 7 7
7 3 0 0 3 10 10 17 11 8 3 0 3 3 0 3 6 10 10 10 3 0
3 3 0 0 3 17 10 10 8 3 0 0 3 17 8 12 9 6 6 3 0 0 3
13 13 3 0 3 11 11 3 0 0 3 14 15 8 8 8 12 12 12 8 17
3 0 3 0 3 0 0 3 3 0 0 3 7 6 6 6 8 8 3 0 3 0 3 21 21
35 19 19 9 9 3 0 0 0 0 3 6 6 8 22 21 25 19 17 3 0 0
0 3 7 7 24 15 18 3 0 3 9 9 9 9 21 8 8 8 12 12 9 7 6
3 0 3 8 8 6 6 6 7 7 3 0 3 14 8 8 8 19 17 3 0 0 0 0
3 3 0 0 0 3 9 19 22 25 25 25 19 18 3 0 0 0 0 0 0 3
17 3 0 0 0 0 3 0 0 3 0 3 0 0 3 3 0 3 18 17 3 0 3 0
3 3 0 3 3 0 0 0 0 0 0 0 0 3 3 0 0 3 0 0 3 8 6 6 7 6
3 0 3 3 0 0 3 9 3 0 3 0 3 17 15 14 3 0 0 3 0 3 8 7
7 9 6 8 10 8 8 6 6 16 9 13 3 0 0 3 6 6 8 8 18 3 0 3
3 0 3 18 19 25 27 37 27 25 24 24 9 9 9 9 9 7 7 3 0
0 0 0 3 3 0 0 0 0 0 3 7 7 9 9 9 9 7 7 3 0 0 0 0 
