>M-M_MBIP TRIM QUALITY: 20
22 25 37 20 25 28 28 28 28 28 24 23 17 17 24 37 57
57 57 59 57 57 57 57 57 48 48 48 57 48 57 57 57 59
59 59 68 57 54 47 47 47 47 48 54 57 57 57 57 57 48
44 37 28 28 31 23 28 30 44 44 59 57 57 57 57 57 57
57 59 59 59 57 57 48 48 48 57 57 59 59 59 57 57 48
50 50 57 48 57 57 57 57 57 57 44 52 43 52 52 43 43
43 28 20 24 15 13 13 13 24 28 42 43 57 57 57 42 42
29 21 21 14 14 14 18 28 43 42 52 52 57 43 44 33 33
29 29 29 33 35 42 42 45 52 52 52 52 57 57 52 57 43
52 52 50 43 43 52 52 57 57 57 44 32 27 20 20 38 38
43 43 38 41 33 43 38 43 38 38 23 23 27 43 43 43 42
42 43 43 43 44 50 50 37 42 41 41 33 33 29 41 33 35
42 36 36 26 26 26 28 28 28 40 42 43 44 43 47 47 48
48 48 43 37 32 30 30 30 37 39 39 42 39 32 32 32 37
39 47 35 35 35 35 39 43 39 39 35 35 32 32 30 22 22
17 17 17 26 24 27 19 21

>M-M_MFIP TRIM QUALITY: 20
22 20 20 11 11 11 11 29 34 57 50 57 57 57 57 53 68
68 68 68 68 68 68 68 68 68 54 54 57 57 57 57 57 68
68 68 68 68 68 68 68 68 68 68 68 68 68 57 57 57 57
57 59 59 57 57 57 48 44 28 18 10 8 8 8 12 25 24 18
15 15 15 15 13 13 13 13 13 14 14 15 9 10 9 9 11 10
17 11 12 28 28 28 16 15 12 13 15 13 14 17 36 27 27
23 11 10 9 14 12 12 10 23 10 10 10 27 38 57 57 59
59 59 59 59 57 57 57 59 59 59 57 57 57 57 57 57 57
57 57 57 57 57 57 59 59 59 59 59 59 59 59 59 57 59
59 59 59 59 59 59 59 59 57 57 59 59 59 59 59 59 59
68 68 68 68 68 68 68 57 57 57 57 59 59 59 59 59 59
68 68 68 68 68 68 68 68 68 68 68 68 68 68 68 68 68
59 59 59 59 59 59 59 59 68 68 68 68 57 57 57 57 59
59 59 57 57 57 57 57 57 57 57 50 50 57 36 41 23 17
15 23 23 39 43 39 41 46 47 39 39 21

>M-S_MBIP TRIM QUALITY: 20
32 23 25 28 28 28 30 28 28 23 17 17 28 37 47 47 57
57 47 47 47 47 48 47 48 48 57 43 57 57 54 54 59 59
59 57 54 48 48 48 48 48 47 57 48 57 57 44 44 44 28
28 28 37 32 39 43 59 44 59 57 59 59 59 48 48 48 48
48 57 42 39 35 35 39 44 44 47 35 35 35 43 43 50 50
50 50 36 36 36 43 43 43 23 23 23 43 43 43 38 20 20
20 28 24 17 17 17 24 19 36 36 43 44 43 35 35 29 21
21 14 14 16 30 38 43 37 43 38 32 20 20 20 32 32 25
32 23 28 32 35 35 35 43 43 43 35 35 33 27 24 28 32
32 32 42 42 28 32 23 28 27 32 23 20 18 26

>M-S_MFIP TRIM QUALITY: 20
21 22 12 12 12 12 28 28 57 50 57 57 57 68 68 68 68
68 68 68 68 68 68 68 68 57 57 59 59 59 59 59 68 68
68 68 68 68 68 68 68 68 68 68 68 68 57 57 57 57 57
59 59 57 57 57 44 44 28 20 19 10 10 9 8 8 8 10 10
12 15 15 13 13 13 13 12 15 14 11 8 10 10 10 23 10
13 12 12 28 28 43 16 12 11 10 10 10 13 17 12 24 24
13 10 10 12 12 10 9 10 23 10 8 8 25 28 57 57 57 57
59 59 59 57 57 57 57 57 57 57 57 59 57 57 57 59 52
57 54 57 57 57 57 57 57 59 59 59 59 59 59 59 59 59
59 59 59 59 59 59 59 59 59 59 59 59 59 59 59 59 68
68 68 68 68 68 57 57 57 57 57 57 57 68 68 68 68 68
68 68 68 68 68 68 68 68 68 68 68 68 68 68 68 68 59
59 59 59 59 59 59 59 59 59 59 59 59 59 59 59 57 59
57 59 48 48 48 59 59 59 59 59 48 48 37 41 20 17 15
24 23 48 43 43 41 46 47 36 34

